18
222100011
3
1	0	0	1	27
1	0	1	1	32
2	0	2	1	5
202110010
3
0	0	1	1	1
2	0	1	1	38
2	0	2	1	3
202100001
1
2	0	2	1	11
220112001
2
0	0	1	1	4
1	0	0	1	4
202210001
4
0	0	1	1	13
2	0	1	1	11
2	0	2	1	4
0	1	0	2	5
002210000
3
2	0	1	1	14
2	0	2	1	4
0	1	0	2	5
200210000
2
0	0	1	1	11
0	1	0	2	5
220101001
3
1	0	0	1	5
1	0	1	1	5
1	0	2	1	8
202201010
2
0	1	0	2	8
0	1	1	2	5
222010101
4
0	0	0	1	0
0	0	1	1	20
2	0	1	1	0
2	0	2	1	2
220010001
2
0	0	0	1	4
0	0	1	1	2
022010100
2
2	0	1	1	2
2	0	2	1	20
220010100
2
0	0	0	1	5
0	0	1	1	4
020112000
2
1	0	0	1	5
2	1	2	2	20
020211000
2
1	0	2	1	4
0	1	0	2	5
022010001
2
2	0	1	1	5
2	0	2	1	8
222001110
3
0	0	0	1	4
1	0	1	1	5
1	0	2	1	11
202001100
1
0	0	0	1	11
