19
222001110
3
0	3	0
1	4	3
1	5	190
222010101
4
0	3	1
0	4	30
2	5	1
2	4	42
202001100
1
0	3	131
222100011
3
1	4	3
1	3	46
2	5	0
202210001
4
0	4	5
2	5	4
2	4	5
3	6	23
022010100
2
2	5	9
2	4	2
220010100
2
0	3	32
0	4	2
202012100
4
0	3	4
0	4	44
2	4	11
5	8	20
002012000
2
2	4	14
5	8	11
202100001
1
2	5	26
020112000
2
1	3	3
5	8	11
220021100
4
0	3	4
1	5	8
4	7	17
4	6	5
022021100
3
1	5	5
4	7	8
4	6	8
022010001
2
2	5	14
2	4	5
002122000
2
4	7	17
5	8	17
200012000
3
0	3	5
0	4	8
5	8	11
022120001
4
1	3	5
2	5	5
4	7	14
4	8	5
202201010
2
3	6	8
3	7	5
220010001
2
0	3	5
0	4	4
